SetDesc: "JAM18 Pion PDF NLO global fit, alphas(MZ)=0.118. mem=0 => average on replicas; mem=0-857 => PDF samples"
SetIndex: 000000
Authors: JAM-pion Collaboration.  P. C. Barry, N. Sato, W. Melnitchouk, Chueng-Ryong Ji
Reference: arXiv:1804.01965
Format: lhagrid1
DataVersion: 2
NumMembers: 858
Particle: 2212
Flavors: [-5, -4, -3, -2, -1, 1, 2, 3, 4, 5, 21]
OrderQCD: 1
FlavorScheme: variable
NumFlavors: 5
ErrorType: weighted samples
XMin:     1.00E-06
XMax:     1.00E+00
QMin:     1.30E+00
QMax:     1.00E+05
MZ:    91.1876
MUp: 0.0
MDown: 0.0
MStrange: 0.0
MCharm: 1.3
MBottom: 4.5
MTop: 180.0
AlphaS_MZ: 0.118044
AlphaS_OrderQCD:  1
AlphaS_Type: ipol
AlphaS_Qs: [1.30000E+00, 1.50159E+00, 1.75516E+00, 2.07810E+00, 2.49495E+00, 3.04086E+00, 3.76715E+00, 4.50000E+00, 4.75000E+00, 6.23113E+00, 8.37423E+00, 1.15549E+01, 1.64076E+01, 2.40380E+01, 3.64361E+01, 5.73145E+01, 9.38707E+01, 1.60654E+02, 2.88438E+02, 5.45587E+02, 1.09231E+03, 2.32646E+03, 5.30043E+03, 1.29956E+04, 3.45140E+04, 1.00000E+05, ]
AlphaS_Vals: [3.70766E-01, 3.42267E-01, 3.16255E-01, 2.92450E-01, 2.70615E-01, 2.50551E-01, 2.32081E-01, 2.18788E-01, 2.15408E-01, 1.99956E-01, 1.85540E-01, 1.72097E-01, 1.59567E-01, 1.47893E-01, 1.37021E-01, 1.26901E-01, 1.17486E-01, 1.08731E-01, 1.00593E-01, 9.30321E-02, 8.60110E-02, 7.94941E-02, 7.34478E-02, 6.78408E-02, 6.26434E-02, 5.78277E-02, ]
AlphaS_Lambda4: 0
AlphaS_Lambda5: 0
